# Atlantic cod check chromosomes for genes and length

# First, Atlantic cod LD7 is 34.14 Mb on NCBI
# Why is the Arctic cod LD17 only about ~23? !!!!!!!

# Chr 1
# Peak ~8-10Mb
hspa1b = c(11676950, 11679731)

# Chr 4
# Peak ~ 8.5-19 Mb
LOC115542552 = c("heat shock protein beta-1-like", 15099940, 15101867)

# Chr 6
# Peak ~ Whole chromosome
# 2 main Peaks, ~ 0-4Mb & 10-21Mb, crest at ~21Mb

# Chr 7 
# Peak ~ 9-19Mb, crest at ~18Mb
hspb1 <- c("heat shock protein alpha-crystallin-related-1", 17827597, 17841858)

# Chr 8
# Peak ~ 5-18Mb, crest at ~15Mb

# Chr 12
# Peak ~8-22Mb, creast at ~8.5Mb

# Chr 13
# Peak ~ 8Mb
# Peak ~ 12-15Mb, looks very much like an inversion in Chukchi

# Chr 17
# Peak ~ 10-20Mb, crest at 13-14Mb, highest FST across Chuckchi genome

# Chr21 
# Peak ~ 3Mb
esr1 <- c("estrogen receptor 1", 3835844, 3859713)
hsp90aa1.1 <- c("heat shock protein 90 alpha class A member 1 tandem duplicate 1", 4248376, 4254931)
hsp90aa1.2 <- c("heat shock protein 90 alpha class A member 1 tandem duplicate 2", 4255044, 4262442)

# Chr 23 
# Peak ~ 17Mb



